[664428670990, 742251836068, 345876761299, 306915135306, 534924782855, 536488696873, 171289077910, 147187953552, 56658241682, 847313547807, 7571560574, 814901935639, 10268304191, 59164240053, 832088254814, 562236937975, 112182234109, 426399740751]
[694537710431, 41235257888, 823358520840, 654090369557, 171656901767, 371321096143, 231764823070, 717583514668, 77508795797, 466411812218]
[538913186402, 106470511477, 767965738580, 134326370527, 557238207453, 688678777719, 736062046570, 854253664877, 52139781439]
[20554919281, 523594252681, 622060484598, 214177050570, 36887545759, 518743083374, 858137851404, 135447438600, 160571523445, 828130553865]
[227026134364, 165207932009, 182224975287, 763999520303, 165973336817, 619288347407, 171762517157, 119762896882, 466411812218]
[479477708064, 810433517069, 761484081260, 494432086466, 648266973815, 395589720958, 832088254814, 470481388433, 466411812218]
[448524748938, 253646514628, 410754608335, 117712558208, 86360690881, 42584833394]
[723427526814, 243787947317, 770634429844, 640923600219, 87880466488, 598270695263, 248042512248, 813478219168, 571759462703]
[247963990725, 726768634183, 832088254814, 646762895123, 297387554997, 704374784522, 461461758830, 227754057520, 301083101126, 20905105352]
[341766485159, 392269427292, 776744238695, 354306614406, 545429069353, 358767343027, 783724789331, 168735996146, 51165838212, 329551348740, 742192787870]
[848310602267, 395589720958, 331507441457, 107922186242, 539553847383, 651970242731, 619122587822, 403073793205]
[93943247081, 758713616973, 630966864524, 557238207453, 141854277751, 719723137206, 144197826929, 22935805788, 620521507681]
